[nippo.jpg]
filters=Soften=1,85.380119,20.467836;radblur=1,0.500000,0.500000,1.000000,0.461988;PicnikTint=1,64.912285,ffbee8ff;
moddate=10d40285460ed001
width=1024
height=682
textactive=0
